0
0
0
2
6
6
6
6
9
6
6
8
14
5
4
9
10
10
7
3
10
9
9
7
3
5
3
3
4
3
2
6
2
3
2
5
6
6
6
6
7
6
6
11
9
7
12
12
13
12
10
4
9
15
12
4
10
6
7
7
5
5
5
4
9
8
7
2
5
9
2
4
7
2
9
2
3
6
6
10
3
6
2
2
3
1
2
2
12
14
25
13
13
12
12
10
9
12
13
6
10
6
6
6
7
6
6
6
6
8
12
12
14
6
6
5
3
3
4
3
9
3
5
10
4
5
4
2
3
5
4
1
1
4
6
3
2
4
2
5
5
3
10
6
7
10
6
9
7
6
10
6
8
9
6
9
13
12
12
12
13
12
12
12
10
6
5
3
3
3
3
2
3
4
4
3
4
4
7
9
6
9
5
3
10
6
8
11
14
15
6
10
11
6
9
8
2
2
6
12
15
16
15
15
16
10
15
15
16
15
15
11
15
10
16
12
8
16
8
6
10
7
6
6
7
6
6
2
2
12
16
5
7
6
6
9
2
3
3
3
9
2
4
