0
0
0
0
0
0
0
0
0
0
0
6
3
4
4
4
6
6
5
4
3
5
6
5
2
7
6
4
4
6
4
6
5
1
7
6
4
3
7
6
4
4
5
4
7
4
1
8
1
8
15
14
15
15
14
15
15
14
15
15
14
15
15
14
15
15
9
15
15
14
15
15
14
15
15
14
15
15
14
15
15
14
15
14
8
6
4
4
7
7
6
2
6
8
6
2
5
8
7
4
4
4
0
2
4
3
4
1
3
2
5
3
5
4
4
2
1
4
3
4
4
5
10
6
7
9
10
9
6
8
8
10
4
9
9
8
8
7
10
7
8
7
7
7
7
7
8
6
7
8
7
9
8
7
7
5
12
15
15
14
15
15
14
15
15
14
15
15
14
15
15
14
15
13
7
7
8
7
4
8
7
7
7
7
7
8
7
4
8
7
7
13
14
15
15
14
15
15
14
15
15
14
15
15
14
15
15
14
13
8
7
7
8
7
7
8
7
7
8
7
7
8
7
7
8
7
2
