0
0
0
1
2
4
4
4
5
2
4
5
4
6
4
5
4
5
3
5
11
15
6
6
6
5
5
5
8
10
11
7
11
11
6
10
10
8
8
10
8
9
9
12
12
12
6
8
8
6
8
10
8
8
10
8
11
15
16
15
15
16
15
15
16
16
14
15
15
18
15
16
16
15
10
15
11
22
12
12
12
12
10
12
12
12
12
13
9
6
6
10
8
17
12
12
12
12
9
12
12
16
14
16
18
14
12
12
12
12
6
6
6
6
6
8
8
12
12
7
6
8
11
6
6
6
6
6
4
3
14
5
3
3
3
3
5
6
6
6
10
11
12
12
12
12
12
12
12
12
12
12
8
12
14
12
12
12
12
12
12
12
11
1
4
3
5
5
4
3
3
3
3
4
4
4
3
4
3
3
4
4
5
6
13
14
3
4
4
5
5
4
4
4
4
6
4
5
4
4
6
6
6
6
6
3
0
0
0
0
0
0
0
12
15
15
18
18
17
16
13
12
12
8
9
15
15
15
15
15
15
15
20
18
15
18
13
14
18
18
13
14
15
18
18
6
18
18
18
18
18
18
18
18
18
16
1
4
3
4
5
5
4
4
5
4
2
