0
0
6
9
10
9
14
10
9
6
6
15
9
8
9
8
9
7
8
8
9
10
9
8
9
10
7
7
12
14
14
7
8
8
8
12
13
14
13
14
5
5
4
3
7
12
3
3
2
10
14
10
7
7
7
7
6
7
7
7
11
8
6
7
7
7
7
6
7
9
14
9
8
9
11
12
14
13
14
13
7
5
6
7
10
13
14
13
14
5
0
0
0
0
0
0
0
0
2
3
4
4
4
4
4
7
11
14
13
14
13
14
14
13
14
14
13
9
8
8
9
7
12
13
14
14
13
7
5
6
7
9
12
14
13
14
11
7
8
6
8
13
14
14
13
12
7
5
7
6
11
12
13
14
13
14
14
13
14
12
0
0
0
0
0
0
0
0
0
0
0
0
0
0
0
0
0
0
6
12
4
14
5
7
11
13
14
14
11
11
13
11
12
13
14
13
14
14
13
14
10
14
13
9
12
14
13
14
13
14
14
12
12
12
14
14
13
14
8
0
0
0
0
0
0
0
0
0
1
0
1
0
1
4
2
3
2
6
9
8
9
8
12
14
13
14
13
6
6
6
7
10
11
7
13
14
12
10
9
9
6
14
13
14
14
11
7
4
7
13
13
9
13
14
14
13
14
14
13
11
