0
0
0
0
0
0
0
0
0
0
0
0
0
0
0
0
0
0
0
0
0
0
0
0
0
0
0
7
9
8
9
9
11
8
7
7
12
7
7
8
9
10
11
7
10
13
7
7
8
7
7
8
7
7
12
15
14
15
15
14
15
3
3
4
7
7
10
5
6
8
7
7
5
7
7
12
7
10
7
10
7
15
15
14
15
7
14
7
6
5
13
15
14
15
12
10
11
8
6
14
15
14
11
10
11
11
3
5
15
15
14
6
12
14
15
10
7
15
15
13
4
15
14
13
1
0
0
0
0
0
0
0
0
0
0
0
0
0
0
0
0
5
10
9
10
10
11
11
10
10
11
10
9
10
8
7
8
2
0
4
3
4
4
3
4
4
3
4
4
3
4
4
3
4
4
3
7
7
8
7
7
9
6
7
9
6
8
7
7
7
6
8
15
6
6
13
7
12
10
10
11
8
15
10
11
11
10
5
6
10
15
11
7
10
7
9
8
7
4
6
7
9
10
9
9
8
7
8
9
2
4
4
3
4
3
5
2
9
15
14
15
15
14
15
15
14
6
6
7
10
5
4
9
9
8
5
9
10
8
7
8
9
9
13
11
15
14
15
12
9
9
7
8
8
7
7
8
15
14
15
8
8
12
11
11
12
11
10
11
11
10
11
9
7
10
7
7
10
12
3
3
2
3
3
3
2
3
8
10
7
10
12
10
12
0
13
3
