0
0
3
4
4
5
4
5
4
6
4
4
5
5
5
4
4
2
2
4
4
5
4
5
2
2
3
4
2
3
2
2
3
2
5
4
4
5
2
3
1
3
2
2
0
3
2
5
4
2
3
5
3
2
3
2
1
2
2
2
3
2
2
2
4
1
2
3
2
1
3
2
4
7
5
1
10
10
8
4
4
4
0
3
6
7
6
7
8
12
12
12
13
12
12
12
9
5
4
5
9
12
12
12
13
12
12
7
8
5
6
3
1
0
0
0
0
0
0
0
0
0
3
5
6
2
6
3
5
6
3
6
5
6
6
4
6
5
3
1
3
12
6
7
13
12
12
12
13
12
12
12
13
6
12
12
13
12
12
12
13
12
12
11
8
12
12
12
13
12
12
12
12
10
9
6
7
7
7
7
12
6
1
6
6
4
8
12
5
6
8
12
13
12
7
3
6
6
2
6
4
5
6
2
7
5
4
6
4
5
6
3
1
2
11
7
7
12
12
12
13
12
12
12
13
12
12
12
13
12
12
12
13
12
12
12
13
12
12
12
13
12
12
12
13
12
12
7
8
8
8
6
9
10
8
1
5
6
5
6
13
8
5
8
13
12
7
5
6
4
9
8
6
4
4
9
13
12
12
12
13
12
12
12
13
12
12
12
13
6
8
10
8
5
12
12
13
12
6
1
0
3
0
0
3
3
3
3
3
2
5
3
3
4
3
4
4
2
6
6
13
12
12
12
13
12
12
12
13
12
12
12
13
12
12
9
6
6
8
6
8
8
9
9
13
12
12
12
7
12
12
12
13
12
12
12
13
12
12
12
13
10
4
6
7
3
6
12
13
12
12
8
4
8
8
7
6
10
12
6
13
7
2
0
0
0
0
0
0
0
0
0
0
2
2
2
1
0
1
5
13
12
4
7
13
12
12
12
13
12
12
12
13
6
7
7
7
7
7
11
7
1
6
5
4
8
12
4
6
8
12
12
13
7
3
4
7
4
