0
0
0
0
0
0
0
0
0
0
0
0
0
0
0
0
0
0
0
0
0
0
0
0
0
0
0
0
0
0
0
0
0
0
0
0
0
0
0
0
0
0
0
0
4
5
4
4
3
5
6
5
4
6
5
4
5
4
4
6
5
5
5
5
4
3
5
4
4
4
4
4
4
4
6
5
5
10
9
3
6
5
7
6
5
8
7
5
5
6
4
5
6
5
7
6
5
8
7
5
5
6
5
5
2
0
0
0
1
4
2
0
0
0
0
0
3
4
4
5
4
5
4
5
4
3
3
2
6
5
4
5
5
5
6
5
4
6
5
5
4
2
4
4
2
4
6
5
5
10
9
4
6
5
7
6
5
9
6
5
5
6
8
7
6
5
7
6
5
9
6
5
5
6
5
7
2
0
0
0
1
4
2
0
0
0
0
0
1
1
3
3
1
4
2
4
3
5
5
5
2
3
4
4
4
4
3
3
5
3
3
4
5
4
5
5
4
5
3
3
4
3
3
5
1
3
2
3
3
6
3
4
8
5
5
10
5
5
6
5
5
6
5
7
9
5
5
8
5
5
6
5
5
6
3
8
9
4
6
10
4
7
6
5
7
6
5
7
8
5
5
10
5
5
6
5
7
10
5
5
6
5
5
6
5
5
6
5
5
6
5
5
6
5
5
6
5
5
6
5
5
9
2
