0
0
1
2
2
2
2
2
2
2
3
3
2
3
2
3
3
3
6
3
3
4
6
3
4
3
7
6
6
7
8
9
11
14
8
7
7
7
7
7
8
7
8
9
8
8
9
8
8
9
7
7
7
10
9
9
10
9
9
10
9
7
7
7
6
7
5
6
7
8
7
9
7
6
9
7
7
9
8
7
6
5
6
6
8
8
9
7
5
6
5
6
6
10
13
1
0
0
0
0
0
0
1
0
1
1
2
0
0
0
6
8
9
8
8
9
8
8
9
8
8
9
8
8
9
7
8
13
12
12
13
12
12
13
13
12
12
7
6
9
8
10
9
11
8
13
9
11
8
5
5
6
5
5
6
5
5
9
8
8
9
8
14
17
7
8
7
7
8
7
7
8
8
8
9
8
8
9
8
7
9
9
9
10
8
9
10
10
7
8
7
8
9
9
10
10
5
6
5
6
5
7
5
5
5
5
6
7
6
12
10
7
7
8
7
7
8
7
8
9
8
8
9
7
9
10
9
9
8
8
9
10
10
10
9
9
10
12
14
16
15
