0
0
0
0
0
0
5
7
8
7
8
5
9
6
13
9
7
6
11
7
7
8
9
2
8
8
5
9
4
2
6
11
10
6
6
5
10
8
8
13
13
15
16
17
15
16
15
15
9
8
8
9
8
8
11
10
2
3
4
4
5
5
5
6
9
7
9
8
8
10
9
1
3
17
16
17
17
16
17
15
5
9
8
8
9
8
8
12
2
0
0
0
1
0
3
5
4
3
8
9
8
8
7
4
13
12
13
12
13
12
5
1
3
2
4
1
3
3
1
3
7
8
8
9
8
8
9
11
10
17
16
15
16
17
15
16
10
8
9
8
8
9
9
14
4
4
3
4
2
4
5
11
8
6
3
8
10
9
4
6
8
8
9
8
8
9
7
16
16
17
15
17
16
12
4
8
8
9
8
8
9
13
8
4
4
4
6
4
6
10
16
16
16
15
16
17
17
13
9
8
8
9
8
8
9
5
3
3
3
3
3
3
1
2
1
0
2
8
8
10
8
7
2
2
3
5
8
5
3
10
16
17
17
16
17
17
9
8
8
8
9
8
8
11
8
8
9
8
8
9
8
8
10
8
9
9
8
8
9
10
8
9
9
9
