0
1
2
2
5
4
4
3
5
4
2
3
5
4
4
5
4
2
1
5
4
1
1
5
5
1
1
5
4
4
6
8
7
1
3
4
3
1
1
1
3
0
5
4
1
1
1
1
5
4
4
4
4
4
6
4
4
4
4
4
5
6
13
7
0
0
0
4
4
4
4
1
0
0
0
0
0
0
3
13
9
9
12
12
9
14
8
14
11
8
8
13
10
16
10
12
13
11
8
8
1
1
6
9
8
11
8
9
9
7
13
12
8
6
11
8
5
8
9
10
17
9
6
9
7
11
14
11
7
7
8
8
17
13
11
9
9
9
3
0
3
0
2
2
4
5
1
1
2
2
1
2
1
1
1
4
9
4
4
4
2
1
1
7
5
4
4
3
1
1
1
9
8
8
9
8
8
9
8
8
9
8
8
9
8
12
10
8
8
9
8
8
9
8
8
9
8
8
8
4
4
4
4
4
5
4
4
4
4
4
5
4
4
4
4
4
5
4
4
4
4
4
5
4
4
4
4
4
5
4
4
4
4
4
5
4
4
4
4
4
1
0
0
0
0
0
0
3
8
9
8
8
13
10
12
9
8
8
9
11
12
11
16
12
10
10
9
12
15
6
7
8
11
13
7
8
9
8
8
10
11
8
9
8
8
9
8
10
9
8
9
16
10
14
9
8
8
9
8
8
9
10
8
9
11
6
7
15
16
3
0
0
1
0
1
0
1
0
0
0
1
0
1
0
3
4
4
4
4
4
5
4
4
4
4
4
5
4
4
4
4
4
5
4
4
4
4
4
5
4
4
4
4
4
5
4
4
4
4
4
5
4
4
4
4
4
5
4
4
4
3
1
2
0
2
0
2
0
1
