2
3
3
3
4
3
3
3
3
4
3
3
3
4
3
3
3
3
4
4
8
8
7
9
8
8
8
8
8
8
8
8
8
8
9
7
8
8
13
13
11
8
8
7
8
9
8
8
8
8
8
8
8
8
8
8
8
9
7
8
7
6
7
6
7
6
6
7
6
7
6
7
6
6
7
6
7
6
7
13
3
1
1
7
1
5
6
1
7
1
5
6
2
6
1
5
6
2
6
2
5
5
0
1
1
2
1
0
1
0
1
2
1
2
0
1
1
0
0
0
0
1
0
1
1
2
1
0
1
0
2
1
1
2
1
0
1
0
0
0
0
1
3
2
0
3
12
13
13
13
13
13
13
12
13
13
13
13
13
13
12
13
13
13
13
13
13
12
13
13
13
13
13
13
12
13
13
13
13
13
13
13
12
13
13
13
13
13
13
12
13
13
13
13
13
13
12
13
13
13
13
13
13
13
12
13
13
13
13
13
13
12
13
13
13
13
13
13
12
13
13
13
13
13
13
10
